62
63
66
326
336
349
364
380
381
399
403
407
408
416
451
464
466
467
473
490
508
517
537
538
543
605
675
677
685
688
689
690
693
696
700
702
705
711
712
714
718
722
725
728
729
738
745
752
753
772
787
788
791
801
805
810
814
844
869
892
900
920
921
962
971
982
983
994
1031
1071
1073
1093
1094
1106
1107
1120
1121
1130
1143
1145
1157
1273
1284
1303
1304
1320
1337
1339
1498
1499
1517
1520
1526
1529
1530
1552
1574
1625
1626
1646
1652
1668
1704
1726
1731
1746
1754
1755
1763
1769
1774
1831
1842
1844
1845
1853
1854
1855
1859
1860
1869
1894
1895
1904
1912
2004
2016
2018
2021
2022
2053
2056
2071
2079
2080
2137
2147
2152
2158
2165
2255
2263
2280
2291
2309
2312
2316
2395
2405
2406
2498
2499
2551
2561
2567
2570
2571
2573
2575
2588
2621
2622
2660
2662
2691
2710
2713
2723
2755
2760
2783
2802
2865
2910
2912
2919
2965
2966
2977
2986
2987
2988
2990
2991
2993
3064
3065
3066
3067
3068
3069
3073
3074
3103
3186
3205
3232
3293
3300
3309
3311
3313
3318
3340
3343
3345
3384
3394
3395
3412
3413
3414
3419
3444
3452
3513
3526
3527
3547
3548
3586
3762
3774
3775
3795
3796
4061
4063
4094
4109
4120
4153
4162
4164
4168
4170
4204
4241
4317
4318
4386
4417
4418
4422
4423
4443
4504
4505
4540
4598
4601
4699
4700
4778
4781
4784
4819
4830
4859
4866
4867
4869
4870
4873
4906
4909
4973
4984
4994
4997
5015
5049
5055
5099
5171
5173
5197
5207
5209
5273
5279
5284
5288
5293
5304
5334
5338
5369
5383
5422
5424
5426
5434
5474
5531
5533
5569
5665
5704
5725
5741
5744
5752
5762
5795
5873
5881
5915
5943
5963
6195
6202
6203
6205
6209
6210
6490
6529
6604
6645
6652
6658
6736
6762
6763
6765
6845
6996
7003
7105
7164
7209
7210
7212
7270
7271
7292
7306
7307
7308
7404
7733
8057
8252
8448
8635
8705
8806
9317
9324
9325
9326
9627
9635
9637
9638
9660
9721
9752
9843
9908
9982
9983
10028
10030
10147
10246
10267
10358
10423
10424
10660
10661
10664
10665
10799
10836
10840
10871
10888
11212
11328
11414
11417
11494
11532
11637
11692
11705
11706
11710
11944
12113
12130
12141
12513
12516
12865
13110
13191
13198
13257
13320
13370
13473
13585
13615
13616
13617
13753
13946
13947
13952
13953
14130
14383
14439
14455
14521
14557
14581
14824
14895
15075
15193
15222
15243
15245
15294
15326
15411
15446
15449
15465
15473
15881
