682
713
726
833
834
887
912
922
932
939
995
1067
1079
1102
1105
1175
1180
1196
1198
1199
1215
1223
1224
1307
1310
1318
1324
1329
1337
1339
1343
1348
1350
1354
1372
1374
1380
1385
1390
1414
1417
1485
1487
1498
1500
1502
1530
1533
1544
1547
1583
1588
1596
1598
1600
1605
1674
1675
1691
1692
1693
1709
1710
1711
1712
1713
1718
1720
1722
1726
1727
1758
1759
1762
1764
1766
1786
1791
1792
1793
1796
1797
1810
1828
1829
1835
1836
1838
1842
1846
1854
1855
1864
1865
1897
1898
1899
1990
2060
2075
2089
2100
2116
2182
2186
2200
2207
2218
2233
2261
2335
2349
2365
2370
2422
2460
2481
2498
2555
2556
2591
2597
2665
2669
2691
2693
2694
2789
2846
2858
2956
2981
2991
2992
3042
3058
3125
3130
3246
3248
3291
3320
3326
3361
3417
3618
3648
3653
3656
3731
3790
3809
3860
3872
3879
3919
3922
3925
3928
3930
3954
4096
4153
4187
4267
4300
4334
4335
4381
4383
4396
4410
4412
4414
4422
4424
4426
4458
4499
4532
4550
4554
4562
4602
4614
4661
4678
4705
4717
4718
4753
4768
4778
4869
4880
4881
4897
4918
4923
4997
4999
5033
5048
5062
5075
5076
5082
5093
5097
5105
5113
5115
5119
5120
5124
5137
5144
5221
5238
5241
5259
5265
5271
5286
5287
5325
5328
5342
5358
5359
5368
5393
5394
5419
5432
5447
5466
5471
5484
5494
5495
5634
5683
5690
5739
5850
5937
5988
6013
6050
6062
6246
6310
6325
6382
6423
6473
6502
6691
6701
6717
6728
6755
6776
6822
6844
6874
6898
6936
6947
6961
6997
7052
7128
7164
7175
7323
7372
7447
7493
7496
7526
7572
7624
7782
7799
7807
7889
7927
7954
7975
8001
8048
8085
8090
8124
8146
8165
8177
8195
8196
8274
8322
8336
8358
8360
8369
8373
8379
8431
8438
8439
8474
8495
8557
8623
8685
8709
8719
8731
8732
8760
8828
8829
8838
8876
8904
8905
8906
8907
8910
8953
8959
8972
8973
8974
8977
8978
8981
8983
8991
9012
9014
9041
9042
9202
9217
9222
9225
9226
9229
9230
9284
9311
9328
9330
9331
9332
9333
9336
9337
9338
9339
9357
9363
9397
9410
9411
9445
9457
9495
9534
9552
9553
9554
9586
9629
9651
9652
9653
9659
9661
9664
9665
9666
9714
9748
9750
9763
9764
9765
9769
9772
9773
9774
9775
9787
9793
9815
9843
9849
9862
9895
9896
9898
9904
9905
9907
9910
9935
10033
10034
10035
10161
10162
10163
10171
10192
10258
10295
10296
10297
10298
10353
10390
10427
10520
10569
10640
10641
10732
10758
10759
10760
10768
10769
10771
10772
10894
10896
10897
10905
10908
10909
10912
10959
10990
11121
11307
11308
11309
11321
11324
11325
11326
11330
11469
11545
11562
11568
11724
11786
11794
11845
11846
11847
11850
11851
11852
11853
11886
11892
11893
11948
11949
11950
11952
11958
11974
12114
12115
12117
12125
12126
12127
12128
12129
12360
12369
12454
12462
12463
12464
12465
12476
12479
12814
12815
12889
12918
12919
12922
12927
12957
13027
13031
13078
13090
13197
13323
13326
13394
13424
13525
13568
13571
13662
13723
13727
13918
13993
14071
14178
14518
14590
14725
14756
14897
15009
15065
15129
15216
15217
15218
15247
15331
15342
15399
15422
15484
15487
15491
15516
15647
15713
15715
15716
15806
15821
15844
15879
15962
