226
808
813
842
1033
1038
1098
1269
1371
1540
1770
1783
1915
1919
1929
1933
1942
1943
1967
2001
2008
2047
2087
2186
2191
2300
2301
2302
2384
2415
2419
2423
2450
2529
2545
2555
2580
2583
2584
2596
2643
2770
2794
2795
2860
2874
2978
3003
3009
3013
3062
3064
3069
3070
3071
3081
3099
3111
3127
3135
3155
3166
3168
3174
3178
3186
3188
3192
3204
3205
3207
3208
3209
3245
3255
3258
3261
3262
3291
3292
3293
3294
3295
3304
3337
3356
3361
3362
3370
3371
3376
3383
3384
3385
3387
3443
3513
3538
3590
3593
3597
3598
3625
3660
3664
3665
3666
3678
3733
3734
3738
3776
3786
3827
3828
3829
3851
3853
3855
3861
3862
3863
3864
3865
3866
3867
3868
3869
3872
3995
3996
3997
4026
4029
4061
4106
4182
4183
4184
4190
4197
4205
4216
4218
4239
4260
4268
4275
4322
4339
4358
4374
4375
4376
4452
4455
4458
4461
4463
4475
4499
4500
4501
4513
4514
4515
4516
4521
4547
4550
4560
4563
4573
4617
4648
4764
4765
4767
4829
4833
4834
4835
4836
4889
4945
4956
4959
4961
4978
4994
4995
4996
5000
5001
5003
5004
5006
5018
5038
5044
5050
5065
5070
5071
5122
5132
5141
5142
5149
5182
5247
5255
5506
5507
5529
5541
5542
5570
5577
5594
5596
5597
5599
5600
5657
5749
5790
5791
5793
5794
5796
5797
5799
5819
5822
5833
5857
5860
5863
5873
5880
5881
5917
5979
5991
6046
6052
6053
6054
6063
6064
6179
6180
6255
6258
6259
6292
6293
6318
6352
6353
6361
6362
6363
6364
6365
6368
6401
6413
6414
6415
6437
6439
6454
6455
6456
6501
6519
6520
6521
6554
6557
6566
6583
6584
6586
6590
6592
6593
6619
6634
6665
6670
6675
6678
6679
6746
6795
6806
6895
6919
6920
6921
6922
6923
6924
6938
6947
6948
6949
6963
6964
7023
7034
7084
7085
7092
7100
7142
7143
7152
7161
7197
7242
7249
7255
7256
7257
7258
7264
7297
7305
7313
7318
7327
7334
7335
7340
7367
7387
7394
7395
7411
7414
7431
7435
7436
7463
7466
7467
7511
7512
7528
7540
7541
7550
7551
7608
7610
7614
7618
7629
7631
7632
7633
7634
7635
7638
7645
7646
7750
7752
7779
7785
7813
7817
7820
7829
7830
7865
7869
7874
7904
7906
7918
8080
8082
8108
8114
8116
8117
8118
8119
8120
8122
8155
8156
8161
8167
8177
8178
8196
8197
8214
8215
8255
8272
8289
8290
8298
8299
8300
8303
8304
8305
8311
8312
8316
8323
8325
8361
8366
8373
8392
8400
8413
8418
8443
8471
8478
8489
8511
8518
8520
8523
8547
8549
8550
8557
8568
8571
8576
8583
8585
8586
8587
8598
8603
8650
8651
8661
8684
8788
8850
8911
8982
8993
9003
9005
9031
9033
9036
9037
9038
9039
9042
9052
9089
9090
9101
9132
9135
9136
9137
9141
9146
9167
9170
9171
9180
9184
9185
9186
9188
9190
9195
9198
9217
9232
9235
9238
9248
9249
9250
9251
9254
9255
9256
9259
9260
9268
9274
9288
9300
9347
9382
9387
9388
9391
9392
9406
9407
9408
9409
9410
9411
9412
9421
9422
9423
9438
9454
9456
9457
9459
9460
9490
9513
9518
9519
9544
9552
9553
9561
9573
9574
9575
9576
9577
9578
9596
9617
9619
9621
9628
9647
9648
9649
9664
9674
9676
9678
9679
9695
9699
9703
9708
9711
9715
9719
9721
9724
9737
9738
9739
9741
9744
9750
9772
9773
9774
9784
9792
9804
9807
9818
9820
9826
9828
9829
9835
9845
9851
9880
9883
9884
9885
9886
9887
9890
9899
9913
9914
9930
9936
9964
9966
9973
10010
10014
10027
10030
10042
10092
10101
10102
10106
10107
10109
10110
10111
10112
10113
10124
10126
10127
10128
10129
10142
10158
10159
10162
10172
10175
10191
10200
10220
10221
10247
10285
10289
10310
10361
10367
10368
10375
10378
10393
10430
10437
10439
10452
10453
10454
10455
10459
10461
10479
10491
10494
10495
10524
10528
10557
10558
10570
10595
10623
10624
10626
10644
10645
10646
10647
10648
10649
10650
10655
10664
10670
10696
10697
10705
10725
10796
10797
10799
10812
10855
10865
10881
10882
10883
10885
10886
10890
10892
10905
10919
10931
10935
10936
10971
10972
10980
10995
10996
11015
11016
11017
11018
11019
11029
11045
11067
11070
11071
11095
11100
11111
11113
11174
11180
11198
11209
11250
11260
11261
11274
11286
11290
11291
11292
11295
11296
11297
11300
11310
11333
11335
11355
11356
11381
11415
11463
11539
11563
11588
11589
11610
11619
11626
11629
11630
11658
11659
11701
11703
11719
11720
11724
11730
11770
11771
11777
11796
11840
11842
11843
11867
11887
11888
11912
11913
11925
11926
11927
11928
11929
11932
11939
11941
11942
11963
11967
11972
11976
12006
12022
12023
12044
12111
12112
12118
12122
12127
12128
12129
12154
12157
12159
12161
12244
12256
12258
12292
12296
12300
12301
12347
12363
12366
12369
12370
12373
12380
12405
12408
12411
12425
12428
12430
12431
12432
12447
12482
12483
12491
12540
12541
12554
12562
12577
12580
12587
12589
12598
12599
12602
12624
12637
12643
12659
12664
12679
12680
12681
12698
12740
12748
12749
12788
12833
12834
12842
12844
12845
12846
12860
12861
12863
12864
12882
12900
12904
12922
12928
13024
13208
13249
13250
13266
13298
13299
13313
13319
13345
13346
13384
13385
13413
13440
13441
13442
13477
13491
13500
13535
13536
13560
13566
13567
13582
13598
13610
13620
13639
13646
13660
13667
13670
13671
13675
13698
13699
13726
13729
13736
13816
13817
13818
13840
13848
13874
13879
13898
13899
13936
13985
14048
14067
14070
14071
14072
14112
14125
14126
14148
14176
14177
14191
14192
14201
14212
14213
14252
14265
14266
14285
14286
14295
14304
14312
14349
14363
14364
14383
14390
14441
14443
14450
14451
14501
14509
14510
14555
14561
14562
14576
14585
14648
14660
14661
14679
14691
14705
14734
14745
14747
14752
14799
14800
14823
14845
14846
14852
14910
14917
14920
14925
14970
14974
14980
14981
15066
15067
15127
15132
15133
15138
15149
15157
15188
15189
15250
15253
15302
15304
15307
15325
15388
15393
15401
15436
15437
15457
15494
15495
15509
15510
15511
15536
15537
15579
15580
15585
15586
15590
15591
15599
15627
15710
15711
15712
15744
15745
15747
15809
15833
15872
15907
15910
15911
15954
15991
15992
15993
15995
15996
