17
18
438
575
579
584
585
587
663
691
714
715
732
843
850
861
863
961
962
963
964
965
977
980
981
982
983
988
990
1014
1016
1027
1056
1098
1101
1107
1114
1115
1122
1124
1125
1126
1127
1129
1131
1136
1139
1144
1147
1154
1159
1306
1335
1368
1379
1383
1390
1391
1406
1412
1413
1414
1415
1416
1418
1645
1648
1650
1709
1710
1745
1746
1800
1805
1806
1810
1819
1823
1835
1847
1851
1879
1957
2047
2048
2164
2166
2176
2193
2223
2224
2271
2338
2352
2517
2518
2577
2592
2665
2673
2696
2714
2844
2860
2889
2891
2946
2958
2981
3010
3092
3093
3094
3095
3235
3240
3266
3267
3268
3274
3403
3404
3405
3406
3433
3434
3544
3609
3610
3616
3632
3646
3829
3830
3838
3839
3888
3889
3958
3999
4005
4007
4010
4022
4023
4052
4055
4192
4206
4253
4254
4327
4362
4382
4431
4433
4435
4493
4551
4569
4662
4669
4776
4847
5194
5205
5231
5465
5706
5914
5991
6296
6549
6599
6676
6828
7015
7104
7184
7326
7330
7725
7931
8043
8069
8127
8245
8246
8363
8364
8831
8844
8919
8981
9071
9196
9205
9208
9212
9421
9437
9441
9442
9603
9604
9622
9649
9650
9658
9737
9847
9860
9864
10015
10092
10116
10134
10345
10350
10374
10436
10472
10532
10548
10561
10640
10641
10782
10955
10958
10980
10997
11038
11113
11490
11900
11992
12046
12052
12082
12119
12142
12170
12229
12239
12300
12334
12358
12361
12430
12432
12462
12487
12493
12505
12516
12526
12528
12537
12541
12600
12615
12638
12658
12674
12681
12701
12702
12705
12719
12856
12880
12903
12938
12947
12948
12949
12950
12951
13037
13120
13176
13242
13278
13279
13280
13314
13351
13429
13441
13444
13445
13446
13450
13451
13453
13454
13489
13612
13614
13616
13617
13618
13619
13620
13671
13673
13704
13713
13714
13716
13718
13726
13729
13744
13789
13862
13863
13965
13973
14077
14083
14156
14169
14171
14207
14210
14211
14272
14275
14276
14307
14319
14322
14326
14328
14329
14331
14389
14396
14407
14432
14472
14502
14515
14516
14523
14547
14568
14569
14605
14606
14620
14625
14627
14722
14740
14833
14836
14837
14874
14876
14898
14911
14929
14986
14991
15004
15016
15040
15041
15043
15062
15084
15085
15122
15149
15155
15156
15160
15168
15169
15184
15194
15241
15246
15247
15283
15292
15326
15347
15375
15388
15394
15395
15411
15467
15531
15606
15624
15629
15651
15707
15708
15757
15781
15783
15823
15850
15869
15880
15886
15915
