14
42
73
183
210
260
266
372
411
420
442
466
518
591
599
680
694
695
696
697
698
702
703
732
767
806
807
811
812
821
823
827
829
830
848
849
850
851
857
865
867
868
869
870
872
873
874
875
876
888
889
890
891
1008
1047
1059
1097
1162
1163
1164
1165
1166
1188
1189
1190
1191
1201
1211
1278
1304
1321
1329
1339
1368
1419
1427
1437
1439
1448
1452
1490
1512
1543
1588
1624
1661
1750
1775
1783
1784
1786
1787
1811
1812
1827
1837
1853
1854
1867
1882
1951
1956
2001
2014
2027
2028
2029
2030
2080
2084
2085
2102
2103
2182
2233
2286
2329
2337
2373
2374
2405
2406
2410
2415
2416
2417
2418
2429
2431
2446
2464
2634
2636
2637
2638
2681
2687
2696
2697
2698
2699
2807
2810
2814
2820
2824
2827
2831
2834
2864
2866
2957
2971
2973
2979
2980
3007
3008
3010
3011
3055
3056
3057
3058
3069
3208
3209
3379
3413
3423
3459
3463
3533
3534
3672
3790
3798
3858
3895
3903
3907
4050
4075
4123
4124
4158
4179
4195
4261
4524
4572
4584
4699
4758
4871
4992
5015
5141
5144
5212
5218
5219
5220
5221
5222
5226
5229
5234
5236
5402
5411
5426
5633
5634
5639
5641
5642
5655
5694
5700
5793
5828
5908
6043
6044
6046
6148
6150
6151
6250
6251
6260
6261
6262
6268
6269
6270
6273
6282
6301
6310
6315
6417
6420
6422
6423
6441
6713
6716
6718
6721
6722
6754
6755
6774
6836
6837
6838
6839
6880
6881
6926
6998
6999
7001
7245
7246
7247
7297
7323
7324
7325
7429
7430
7431
7477
7481
7482
7483
7544
7571
7572
7573
7665
7666
7674
7675
7676
7677
7678
7679
7690
7732
7746
7747
7748
7749
7750
7890
7891
7892
7893
7894
7939
7944
7982
7985
8010
8011
8012
8013
8086
8107
8150
8157
8160
8166
8170
8175
8179
8207
8338
8369
8444
8453
8466
8467
8468
8469
8470
8542
8543
8545
8555
8557
8558
8559
8684
8685
8686
8687
8688
8693
8694
8695
8696
8735
8907
8908
8911
8915
9021
9037
9184
9185
9234
9335
9495
9520
9566
9788
9789
9854
9920
9972
10089
10118
10159
10205
10277
10278
10324
10585
10587
10680
10686
10738
10783
10818
10847
10950
11249
11469
11485
11565
11786
11886
11888
11995
12222
12275
12437
12613
12698
12713
12747
12980
13051
13062
13093
13148
13353
13477
13693
13700
13701
13751
13757
13785
13809
13811
13825
13826
13828
13835
13863
13864
13900
13927
13934
13948
13983
14004
14034
14073
14120
14154
14188
14239
14289
14348
14431
14492
14517
14540
14559
14609
14664
14724
14726
14765
14797
14817
14940
14941
15096
15279
