28
58
213
662
751
759
1015
1029
1045
1176
1207
1213
1227
1248
1269
1279
1290
1295
1297
1298
1502
1633
1646
1655
1718
1722
1724
1729
1730
1744
1757
1956
2018
2061
2063
2089
2207
2208
2353
2357
2389
2390
2419
2420
2447
2449
2458
2459
2497
2498
2534
2641
2642
2650
2651
2692
2693
2703
2704
2731
2732
2749
2758
2759
2770
2771
2812
2813
2857
2858
2881
2887
2897
2898
2916
2917
2919
2928
2929
2948
2949
3029
3030
3071
3072
3095
3097
3114
3115
3165
3201
3226
3351
3781
4416
4871
4875
5083
5099
5113
5129
5172
5240
5636
5854
5859
5870
5871
5971
6040
6094
6117
6239
6246
6260
6276
6578
6625
6778
6788
6799
6849
7062
7134
7172
7280
7694
8061
8133
8202
8212
8260
8342
8402
8430
8454
8455
8476
8485
8508
8514
8528
8573
8575
8588
8712
8746
8750
8751
8794
8795
8822
8856
8891
8940
8985
8988
9173
9220
9241
9385
9402
9406
9407
9409
9441
9452
9453
9454
9476
9480
9484
9485
9486
9495
9548
9564
9566
9573
9589
9607
9812
9829
9832
9833
9848
9852
9878
9888
9889
9890
9891
9892
9940
9945
9946
9947
9948
10008
10010
10014
10059
10083
10087
10088
10089
10097
10105
10119
10120
10131
10153
10159
10160
10161
10162
10204
10205
10208
10209
10210
10230
10233
10248
10264
10279
10309
10396
10426
10428
10429
10430
10441
10511
10514
10552
10560
10581
10593
10767
10779
11063
11152
11227
11231
11310
11322
11343
11360
11374
11375
11394
11397
11406
11447
11450
11452
11453
11464
11471
11503
11504
11505
11507
11511
11518
11540
11548
11549
11567
11568
11569
11571
11593
11599
11604
11607
11609
11610
11616
11617
11622
11624
11634
11636
11642
11644
11661
11662
11733
11735
11736
11739
11740
11819
11820
11847
11870
11871
11888
11910
11912
11916
11938
11941
11949
11963
11966
11971
11984
11985
11987
11994
12017
12019
12030
12083
12085
12093
12097
12128
12129
12132
12145
12146
12156
12164
12177
12180
12184
12192
12193
12206
12210
12213
12217
12237
12238
12250
12265
12271
12272
12336
12337
12414
12417
12446
12580
12593
12601
12608
12616
12617
12659
12675
12693
12694
12700
12713
12835
12836
12844
12866
12873
12881
12899
12918
12919
12927
12936
12937
12939
12945
12946
12992
13012
13014
13016
13046
13078
13118
13132
13133
13178
13184
13207
13213
13229
13280
13281
13292
13313
13314
13381
13382
13423
13424
13427
13436
13439
13440
13446
13447
13448
13449
13450
13451
13452
13489
13508
13509
13510
13511
13515
13527
13528
13550
13556
13558
13562
13583
13587
13604
13675
13682
13683
13702
13703
13705
13725
13744
13746
13760
13768
13780
13787
13796
13797
13798
13799
13800
13801
13807
13819
13855
13865
13867
13873
13881
13903
13922
13925
13946
13956
13957
13958
13974
13985
13989
13990
14013
14016
14017
14032
14033
14073
14074
14081
14091
14097
14137
14139
14161
14163
14175
14183
14209
14210
14211
14235
14236
14355
14359
14380
14383
14387
14388
14395
14482
14650
14693
14695
14697
14700
14701
14702
14704
14705
14720
14758
14761
14762
14843
14844
14853
14854
14855
14874
14918
14951
14963
15011
15027
15038
15046
15060
15061
15106
15141
15169
15197
15198
15352
15354
15355
15416
15417
15428
15459
15469
15486
15501
15638
15639
15641
15643
15644
15657
15673
15706
15717
15721
15725
15760
15767
15768
15774
15782
15816
15855
15856
15869
15872
15902
15904
15934
15935
15937
15957
15969
15972
15973
15998
