11
183
1752
1903
2109
2159
2221
2263
2337
2479
2700
2708
2720
2731
2862
2877
2882
2983
3132
3136
3163
3164
3171
3212
3214
3222
3231
3336
3348
3399
3403
3578
3772
3995
4031
4040
4184
4208
4225
4233
4356
4362
4413
4483
4508
4554
4577
4695
4951
5036
5046
5361
5397
5398
5402
5416
5446
5450
5452
5514
5522
5526
5550
5779
6098
6141
6738
6803
6866
7536
7629
7634
7851
7875
7915
7934
8028
8037
8085
8189
8384
8525
8536
8641
8692
8699
8718
8792
8938
9178
9179
9183
9289
9302
9306
9326
9358
9359
9400
9401
9407
9434
9476
9478
9479
9504
9513
9670
9961
9964
9987
9989
10062
10064
10101
10113
10259
10262
10314
10317
10359
10528
10534
10535
10553
10605
10630
10631
10632
10633
10722
10817
10873
10879
10980
10992
11039
11040
11108
11478
11479
11599
11600
11667
11668
11799
11801
12107
12112
12132
12139
12206
12209
12232
12314
12316
12317
12319
12333
12349
12398
12399
12496
12599
12601
12711
12732
12797
12809
12811
12857
12858
12859
12862
12937
12938
12939
12948
12949
13040
13042
13043
13059
13060
13083
13109
13110
13112
13177
13185
13186
13289
13394
13421
13422
13476
13477
13518
13523
13560
13562
13564
13592
13593
13615
13616
13617
13660
13693
13694
13713
13715
13716
13730
13732
13766
13767
13769
13772
13774
13792
13793
13829
13830
13859
13862
13869
13875
13896
13897
13905
13906
13959
13981
13982
13998
14000
14113
14120
14193
14194
14290
14292
14354
14358
14360
14362
14363
14377
14391
14400
14456
14457
14503
14505
14571
14573
14574
14608
14611
14638
14642
14650
14665
14666
14767
15002
15003
15007
15055
15166
15215
15282
15327
15428
15429
15438
15447
15448
15532
15566
15567
15568
15569
15616
15669
15709
15792
15803
15804
15821
15876
15877
15891
15936
15937
