18
56
57
59
92
107
110
111
118
145
188
193
211
212
271
283
293
294
300
324
345
346
347
363
369
518
531
537
538
539
552
553
562
598
599
600
605
607
612
614
615
635
636
644
646
659
660
684
685
686
693
740
743
766
772
776
778
804
805
808
817
818
859
860
863
882
895
922
973
975
982
1066
1067
1069
1070
1073
1074
1089
1094
1126
1133
1186
1187
1213
1218
1239
1245
1246
1265
1273
1279
1397
1398
1404
1443
1444
1448
1451
1452
1455
1522
1523
1527
1551
1552
1578
1587
1603
1604
1643
1677
1678
1738
1739
1741
1770
1819
1820
1842
1872
1882
1887
1900
1901
1903
1904
1905
1920
1952
1961
1969
1974
1976
1987
2021
2022
2058
2067
2068
2069
2093
2094
2096
2106
2108
2119
2151
2152
2169
2187
2190
2194
2196
2203
2221
2227
2228
2260
2264
2265
2267
2268
2272
2273
2325
2326
2373
2437
2441
2469
2470
2471
2474
2476
2480
2485
2510
2511
2512
2541
2548
2561
2572
2594
2595
2616
2633
2634
2635
2636
2639
2640
2690
2710
2711
2713
2715
2727
2744
2802
2803
2819
2824
2920
2947
2951
2965
2966
2970
2975
2996
2998
3004
3043
3044
3050
3089
3094
3100
3117
3118
3121
3131
3180
3192
3197
3208
3214
3242
3269
3276
3286
3289
3290
3292
3296
3303
3314
3349
3350
3361
3362
3366
3369
3413
3414
3430
3441
3442
3450
3462
3464
3469
3501
3507
3513
3565
3566
3590
3597
3601
3609
3610
3631
3639
3661
3678
3703
3714
3717
3724
3751
3777
3802
3804
3806
3824
3829
3846
3860
3876
3885
3899
3900
4003
4008
4012
4015
4032
4033
4035
4057
4102
4110
4112
4118
4139
4148
4156
4173
4206
4213
4214
4219
4264
4278
4279
4287
4288
4290
4304
4305
4306
4309
4315
4323
4355
4360
4361
4362
4377
4378
4387
4402
4411
4412
4420
4426
4449
4451
4454
4455
4496
4497
4506
4514
4519
4536
4567
4568
4570
4595
4600
4609
4614
4630
4631
4636
4654
4659
4664
4687
4688
4694
4698
4706
4707
4710
4731
4733
4737
4739
4743
4793
4811
4859
4874
4901
4902
4919
4937
4983
4984
5011
5012
5013
5067
5105
5106
5107
5117
5133
5134
5142
5149
5165
5170
5190
5197
5201
5202
5203
5213
5224
5230
5240
5276
5280
5292
5293
5307
5308
5309
5310
5321
5322
5324
5352
5368
5383
5385
5407
5426
5429
5440
5491
5497
5508
5520
5528
5536
5538
5539
5547
5550
5553
5554
5559
5577
5583
5602
5612
5616
5624
5630
5634
5635
5641
5644
5657
5663
5666
5698
5712
5719
5723
5729
5730
5749
5753
5757
5768
5769
5786
5794
5795
5803
5825
5838
5843
5846
5849
5852
5872
5874
5879
5881
5882
5886
5888
5905
5954
5977
5985
6026
6066
6075
6118
6139
6205
6211
6240
6255
6260
6316
6335
6339
6347
6350
6351
6370
6371
6393
6405
6406
6409
6410
6436
6447
6458
6514
6515
6518
6519
6526
6542
6552
6580
6582
6605
6606
6627
6631
6639
6659
6660
6671
6681
6711
6723
6726
6744
6749
6760
6785
6786
6787
6795
6798
6806
6834
6869
6871
6880
6881
6894
6895
6896
6897
6931
6937
6938
6941
6954
6997
6998
6999
7002
7003
7013
7055
7057
7091
7092
7130
7322
7336
7401
7448
7484
7488
7547
7575
7644
7675
7688
7770
7775
7817
7852
7959
8031
8049
8072
8138
8182
8184
8206
8249
8286
8489
8605
8691
8718
8844
8846
8900
8969
9067
9097
9143
9297
9298
9325
9362
9497
9525
9820
9821
9877
9881
9887
9888
9889
9890
9941
10077
10125
10138
10175
10264
10301
10311
10330
10355
10397
10399
10434
10558
10619
10685
10727
10773
10800
10807
10858
10870
10953
11005
11051
11054
11075
11089
11111
11243
11409
11488
11632
11724
11809
11862
11941
12010
12063
12195
12248
12265
12336
12468
12480
12638
12641
12699
12778
12885
12887
12900
13050
13057
13058
13093
13095
13098
13212
13213
13214
13215
13217
13220
13272
13300
13399
13592
13645
13655
13827
13843
13844
13845
13946
14050
14089
14090
14091
14142
14399
14449
14828
14868
14958
15064
15065
15068
15071
15072
15073
15077
15136
15176
15220
15231
15256
15277
15360
15565
15566
15612
15899
